#Drone Anomaly Baseline Statistics
#Generated from 26520 data points.
#Tue Dec 02 17:51:15 PST 2025
acceleration.mean=0.5985426157500884
acceleration.standardDev=0.002812183549734047
batteryDrain.mean=0.03934342781784691
batteryDrain.standardDev=0.0014170705665680578
orientationDelta.mean=115.40603662986123
orientationDelta.standardDev=48.21289540757099
velocity.mean=9.813310066076516
velocity.standardDev=0.47058199810500445
