#Drone Anomaly Baseline Statistics
#Generated from 24340 data points.
#Tue Nov 25 00:46:56 PST 2025
batteryDrain.mean=3.853050330013816E-5
batteryDrain.standardDev=2.8187622171336695E-6
orientationDelta.mean=90.0
orientationDelta.standardDev=0.0
velocity.mean=9.758973471449586
velocity.standardDev=0.9475928707025301
