#Drone Anomaly Baseline Statistics
#Generated from 26520 data points.
#Fri Dec 05 14:51:31 PST 2025
acceleration.mean=0.5985426157500884
acceleration.standardDev=0.002812183549734047
batteryDrain.mean=0.03934342781784691
batteryDrain.standardDev=0.0014170705665680578
orientationSteady.max=1.63525390625
orientationTurn.min=14.09210205078125
velocity.mean=9.813310066076516
velocity.min=1.3
velocity.standardDev=0.47058199810500445
