#Drone Anomaly Baseline Statistics
#Generated from 35332 data points.
#Fri Nov 28 19:21:03 PST 2025
acceleration.mean=0.5819190497019822
acceleration.standardDev=0.01089850348666818
batteryDrain.mean=3.8236273665923816E-5
batteryDrain.standardDev=1.5467253133733996E-6
orientationDelta.mean=90.0
orientationDelta.standardDev=0.0
velocity.mean=9.799530969188016
velocity.standardDev=0.47806140233972855
