#Drone Anomaly Baseline Statistics
#Generated from log data.
#Sun Nov 23 16:24:33 PST 2025
batteryDrain.mean=2.9581854610667163E-5
batteryDrain.standardDev=1.8105178977141744E-6
orientationDelta.mean=0.003373559745482464
orientationDelta.standardDev=0.02432853410851924
velocity.mean=9.883947852545536
velocity.standardDev=0.5807664586207191
