#Drone Anomaly Baseline Statistics
#Generated from log data.
#Mon Nov 24 19:23:39 PST 2025
batteryDrain.mean=2.9581854610667163E-5
batteryDrain.standardDev=1.8105178977141744E-6
orientationDelta.mean=90.0
orientationDelta.standardDev=0.0
velocity.mean=9.883947852545536
velocity.standardDev=0.5807664586207191
