#Drone Anomaly Baseline Statistics
#Generated from 1490 data points.
#Fri Nov 28 17:52:59 PST 2025
acceleration.mean=0.5859649464963341
acceleration.standardDev=0.011864183723795003
batteryDrain.mean=3.876185150336339E-5
batteryDrain.standardDev=1.394277745407418E-6
orientationDelta.mean=90.0
orientationDelta.standardDev=0.0
velocity.mean=9.80999987888888
velocity.standardDev=0.4778640259965146
