#Drone Anomaly Baseline Statistics
#Generated from 24340 data points.
#Wed Nov 26 19:14:40 PST 2025
acceleration.mean=0.13733393654400108
acceleration.standardDev=0.0022884954159729013
batteryDrain.mean=3.8987832018545814E-5
batteryDrain.standardDev=9.461360860126411E-7
orientationDelta.mean=90.0
orientationDelta.standardDev=0.0
velocity.mean=9.913153406126252
velocity.standardDev=0.31151551111595305
